628
20280 14733 12610811 0 1430 590 0
20434 14778 12610824 1 1450 590 202
20601 14836 12610832 1 1450 590 216
20795 14903 12610839 1 1460 600 240
21016 14983 12610847 1 1460 600 260
21265 15079 12610854 1 1480 600 279
21540 15193 12610862 1 1470 610 292
21832 15322 12610869 1 1470 610 291
22140 15469 12610877 1 1470 610 293
22459 15628 12610885 1 1470 610 297
22783 15801 12610892 1 1470 610 295
23106 15986 12610900 1 1470 610 290
23421 16182 12610907 1 1470 610 279
23733 16392 12610915 1 1480 610 266
24027 16617 12610922 1 1480 610 256
24303 16862 12610930 1 1480 610 247
24559 17117 12610937 1 1480 610 241
24792 17379 12610945 1 1480 610 244
24999 17651 12610952 1 1500 620 256
25175 17924 12610960 1 1500 620 270
25322 18198 12610967 1 1510 610 293
25437 18464 12610975 1 1510 610 313
25522 18732 12610982 1 1510 610 325
25577 19000 12610990 1 1510 610 361
25602 19262 12610997 1 1510 610 378
25602 19516 12611005 1 1510 610 385
25587 19763 12611012 1 1510 610 397
25526 20002 12611020 1 1510 610 397
25435 20221 12611027 1 1510 610 393
25309 20423 12611035 1 1510 610 378
25152 20609 12611042 1 1510 610 359
24961 20780 12611050 1 1510 610 318
24733 20929 12611057 1 1510 610 276
24473 21056 12611065 1 1510 610 252
24182 21162 12611072 1 1520 600 215
23858 21245 12611080 1 1520 600 197
23507 21305 12611087 1 1520 600 197
23130 21340 12611095 1 1520 600 198
22742 21354 12611102 1 1530 590 219
22338 21354 12611110 1 1530 590 242
21918 21337 12611118 1 1530 590 270
21494 21286 12611125 1 1530 590 289
21060 21213 12611133 1 1540 580 311
20623 21117 12611140 1 1530 580 327
20175 20997 12611148 1 1530 580 340
19714 20849 12611155 1 1530 580 348
19256 20674 12611163 1 1530 580 350
18789 20474 12611170 1 1530 580 356
18320 20245 12611178 1 1530 580 355
17832 19988 12611185 1 1510 580 355
17343 19712 12611193 1 1510 580 354
16854 19415 12611200 1 1510 580 347
16362 19098 12611208 1 1510 580 345
15867 18764 12611215 1 1510 580 344
15374 18412 12611223 1 1510 580 344
14895 18045 12611230 1 1510 580 343
14429 17667 12611238 1 1510 580 345
13978 17275 12611245 1 1490 580 347
13541 16876 12611253 1 1490 580 347
13132 16464 12611260 1 1490 580 347
12751 16045 12611268 1 1490 580 348
12399 15626 12611275 1 1470 580 353
12072 15194 12611283 1 1470 580 356
11776 14761 12611290 1 1470 580 356
11510 14317 12611298 1 1470 580 357
11266 13873 12611305 1 1470 580 358
11043 13432 12611313 1 1470 580 358
10850 12984 12611320 1 1460 570 356
10689 12544 12611328 1 1460 570 356
10561 12108 12611335 1 1460 570 356
10474 11692 12611343 1 1460 570 352
10435 11297 12611351 1 1440 580 340
10435 10925 12611358 1 1440 580 321
10484 10580 12611366 1 1430 570 309
10591 10268 12611373 1 1430 570 302
10746 9993 12611381 1 1420 580 298
10952 9753 12611388 1 1420 580 294
11217 9550 12611396 1 1420 580 286
11535 9387 12611403 1 1420 580 288
11913 9272 12611411 1 1390 580 288
12341 9199 12611418 1 1390 580 286
12831 9170 12611426 1 1390 580 293
13369 9170 12611433 1 1390 580 297
13950 9210 12611441 1 1410 590 303
14584 9297 12611448 1 1410 590 310
15258 9415 12611456 1 1410 590 311
15978 9567 12611463 1 1410 590 314
16732 9750 12611471 1 1420 590 317
17527 9962 12611478 1 1420 590 327
18362 10204 12611486 1 1410 600 334
19213 10474 12611493 1 1420 610 339
20084 10770 12611501 1 1420 610 337
20966 11077 12611508 1 1420 610 339
21850 11399 12611516 1 1440 610 340
22725 11726 12611523 1 1440 610 341
23581 12054 12611531 1 1450 600 347
24421 12381 12611538 1 1470 610 352
25223 12701 12611546 1 1470 610 360
25987 13014 12611553 1 1480 610 373
26704 13305 12611561 1 1500 600 383
27369 13580 12611568 1 1500 600 397
27978 13835 12611576 1 1510 610 408
28527 14060 12611584 1 1510 610 417
29019 14260 12611591 1 1520 600 428
29455 14436 12611599 1 1540 600 427
29834 14594 12611606 1 1540 600 429
30156 14728 12611614 1 1550 600 427
30419 14842 12611621 1 1550 600 429
30627 14938 12611629 1 1570 600 429
30784 15013 12611636 1 1570 600 427
30890 15069 12611644 1 1570 600 413
30951 15113 12611651 1 1590 590 394
30966 15150 12611659 1 1590 590 366
30954 15185 12611666 1 1610 600 334
30874 15221 12611674 1 1610 600 223
17669 16133 12612117 0 1460 550 0
17714 15808 12612152 1 1450 560 127
17761 15470 12612159 1 1450 560 135
17816 15105 12612167 1 1460 570 143
17880 14715 12612174 1 1440 580 169
17944 14297 12612182 1 1450 590 177
18005 13869 12612189 1 1440 600 181
18062 13437 12612197 1 1420 610 185
18112 13005 12612204 1 1420 610 186
18153 12594 12612212 1 1410 610 189
18182 12207 12612219 1 1400 620 189
18200 11859 12612227 1 1400 620 192
18209 11554 12612234 1 1400 630 193
18211 11297 12612242 1 1380 640 194
18211 11096 12612249 1 1380 640 199
18211 10948 12612257 1 1370 650 205
18211 10849 12612264 1 1370 650 216
18211 10793 12612272 1 1350 650 226
18205 10783 12612279 1 1330 650 245
18180 10805 12612287 1 1320 650 304
18141 10906 12612295 1 1320 650 376
18087 11065 12612302 1 1320 650 379
18015 11284 12612310 1 1320 650 373
17928 11573 12612317 1 1320 650 366
17827 11917 12612325 1 1320 650 365
17717 12314 12612332 1 1320 650 364
17600 12746 12612340 1 1320 650 364
17483 13208 12612347 1 1300 650 363
17366 13694 12612355 1 1300 650 352
17259 14209 12612362 1 1320 640 328
17171 14744 12612370 1 1330 630 312
17114 15285 12612377 1 1320 630 290
17089 15831 12612385 1 1330 620 277
17089 16382 12612392 1 1350 620 272
17115 16923 12612400 1 1360 610 271
17188 17433 12612407 1 1380 600 267
17289 17909 12612415 1 1360 600 254
17411 18346 12612422 1 1380 590 254
17554 18746 12612430 1 1390 580 251
17720 19090 12612437 1 1420 580 257
17901 19390 12612445 1 1430 570 270
18100 19640 12612452 1 1440 570 274
18313 19851 12612460 1 1440 570 284
18536 20019 12612467 1 1450 560 300
18763 20138 12612475 1 1480 560 312
18985 20214 12612482 1 1480 560 320
19205 20248 12612490 1 1480 560 319
19416 20248 12612497 1 1480 560 320
19613 20200 12612505 1 1500 550 319
19789 20081 12612512 1 1500 550 318
19940 19898 12612520 1 1520 560 320
20056 19663 12612528 1 1520 560 312
20128 19377 12612535 1 1530 560 306
20151 19042 12612543 1 1530 560 309
20144 18683 12612550 1 1540 560 310
20069 18310 12612558 1 1540 560 311
19951 17941 12612565 1 1560 570 311
19797 17578 12612573 1 1550 580 309
19606 17226 12612580 1 1570 580 309
19381 16887 12612588 1 1570 580 309
19129 16560 12612595 1 1560 590 311
18852 16250 12612603 1 1560 590 312
18549 15953 12612610 1 1550 600 314
18228 15668 12612618 1 1550 600 314
17896 15406 12612625 1 1540 600 320
17554 15169 12612633 1 1540 600 322
17205 14954 12612640 1 1540 600 322
16852 14768 12612648 1 1530 610 314
16510 14621 12612655 1 1510 610 280
16187 14520 12612663 1 1500 620 243
15893 14466 12612670 1 1500 620 213
15645 14465 12612678 1 1480 610 198
15447 14495 12612685 1 1480 610 203
15305 14588 12612693 1 1470 610 216
15217 14718 12612700 1 1470 610 220
15178 14874 12612708 1 1470 610 222
15178 15042 12612715 1 1450 600 221
15205 15214 12612723 1 1450 600 214
15276 15383 12612730 1 1450 600 210
15368 15543 12612738 1 1450 600 208
15474 15685 12612745 1 1450 600 209
15585 15804 12612753 1 1440 600 215
15699 15899 12612761 1 1440 600 235
15818 15969 12612768 1 1440 600 255
15946 16013 12612776 1 1440 600 261
16099 16028 12612783 1 1440 600 268
16283 16028 12612791 1 1440 600 274
16498 15973 12612798 1 1420 590 293
16735 15874 12612806 1 1420 590 325
16989 15723 12612813 1 1420 590 353
17255 15524 12612821 1 1420 590 357
17514 15285 12612828 1 1420 590 362
17754 15010 12612836 1 1420 590 366
17975 14709 12612843 1 1420 590 368
18183 14400 12612851 1 1420 590 363
18371 14094 12612858 1 1410 600 345
18535 13796 12612866 1 1410 600 312
18676 13514 12612873 1 1420 610 281
18800 13260 12612881 1 1420 610 264
18907 13035 12612888 1 1410 610 262
19003 12837 12612896 1 1410 610 263
19089 12670 12612903 1 1400 620 265
19172 12527 12612911 1 1400 620 288
19257 12405 12612918 1 1380 630 309
19345 12297 12612926 1 1380 630 338
19436 12205 12612933 1 1400 630 355
19530 12125 12612941 1 1400 630 363
19627 12058 12612948 1 1380 640 369
19727 12005 12612956 1 1380 640 370
19826 11971 12612963 1 1380 640 369
19919 11965 12612971 1 1380 640 339
20000 11971 12612978 1 1380 650 254
20067 12034 12612986 1 1380 650 87
22650 14685 12613196 0 1440 620 0
22676 14706 12613226 1 1430 620 435
22705 14753 12613233 1 1440 610 430
22744 14813 12613241 1 1440 610 427
22785 14892 12613248 1 1440 610 427
22828 14991 12613256 1 1460 620 428
22862 15108 12613263 1 1440 620 414
22883 15243 12613271 1 1440 620 379
22885 15395 12613278 1 1440 620 326
22883 15557 12613286 1 1440 620 265
22838 15714 12613293 1 1460 630 183
22768 15853 12613301 1 1460 630 149
22676 15964 12613308 1 1470 620 70
22565 16038 12613316 1 1470 620 72
22442 16066 12613323 1 1470 620 98
22314 16066 12613331 1 1470 620 108
22185 15995 12613339 1 1470 620 126
22060 15868 12613346 1 1470 620 176
21941 15683 12613354 1 1470 620 221
21833 15450 12613361 1 1470 620 256
21737 15168 12613369 1 1470 620 278
21656 14852 12613376 1 1460 620 292
21594 14525 12613384 1 1460 620 297
21554 14211 12613391 1 1460 620 297
21539 13931 12613399 1 1440 620 300
21539 13690 12613406 1 1440 620 298
21572 13503 12613414 1 1440 620 296
21643 13370 12613421 1 1410 630 293
21743 13286 12613429 1 1400 630 294
21870 13251 12613436 1 1400 630 304
22023 13251 12613444 1 1380 640 325
22197 13307 12613451 1 1380 640 347
22392 13422 12613459 1 1380 640 360
22604 13596 12613466 1 1380 640 369
22828 13830 12613474 1 1380 640 374
23058 14123 12613481 1 1380 640 373
23296 14486 12613489 1 1400 650 380
23538 14901 12613496 1 1400 650 381
23781 15367 12613504 1 1400 650 379
24015 15877 12613511 1 1400 650 379
24242 16430 12613519 1 1420 650 377
24460 17006 12613526 1 1430 640 375
24661 17574 12613534 1 1430 640 374
24839 18152 12613541 1 1450 640 371
24987 18723 12613549 1 1480 630 372
25108 19278 12613556 1 1490 630 379
25194 19799 12613564 1 1490 630 400
25241 20296 12613572 1 1500 620 421
25251 20780 12613579 1 1510 610 444
25246 21226 12613587 1 1520 600 447
25192 21631 12613594 1 1530 590 450
25109 21991 12613602 1 1540 580 449
25004 22309 12613609 1 1540 580 444
24885 22576 12613617 1 1550 580 420
24758 22784 12613624 1 1560 570 359
24629 22938 12613632 1 1540 560 292
24499 23040 12613639 1 1550 550 259
24370 23088 12613647 1 1550 550 254
24239 23088 12613654 1 1560 550 259
24102 23024 12613662 1 1560 550 260
23958 22882 12613669 1 1570 540 260
23811 22665 12613677 1 1570 540 262
23661 22354 12613684 1 1570 540 274
23514 21957 12613692 1 1570 540 295
23379 21463 12613699 1 1570 540 324
23268 20892 12613707 1 1570 540 330
23182 20260 12613714 1 1560 530 352
23129 19588 12613722 1 1550 540 365
23109 18909 12613729 1 1540 550 378
23109 18244 12613737 1 1530 560 379
23139 17624 12613744 1 1520 570 384
23195 17057 12613752 1 1510 580 384
23265 16546 12613759 1 1490 590 383
23337 16099 12613767 1 1460 600 387
23414 15724 12613774 1 1450 600 392
23491 15410 12613782 1 1430 620 391
23574 15154 12613789 1 1410 630 392
23656 14953 12613797 1 1400 630 393
23740 14806 12613805 1 1380 640 394
23822 14709 12613812 1 1380 640 394
23900 14656 12613820 1 1370 650 390
23975 14649 12613827 1 1370 650 377
24047 14675 12613835 1 1370 650 360
24115 14776 12613842 1 1370 650 358
24180 14926 12613850 1 1370 650 358
24239 15114 12613857 1 1370 650 355
24291 15323 12613865 1 1370 650 354
24332 15528 12613872 1 1370 650 354
24364 15701 12613880 1 1370 650 363
24390 15825 12613887 1 1380 650 391
24418 15884 12613895 1 1400 650 397
24456 15884 12613902 1 1400 650 398
24502 15814 12613910 1 1410 640 382
24558 15681 12613917 1 1410 640 393
24623 15519 12613925 1 1410 640 406
24698 15345 12613932 1 1410 640 412
24774 15179 12613940 1 1430 630 417
24848 15038 12613947 1 1430 630 419
24923 14931 12613955 1 1430 630 422
25000 14862 12613962 1 1430 630 419
25076 14826 12613970 1 1430 630 420
25147 14817 12613977 1 1410 640 420
25213 14817 12613985 1 1410 640 421
25273 14850 12613992 1 1410 640 420
25324 14916 12614000 1 1410 640 420
25364 15011 12614007 1 1410 640 423
25392 15132 12614015 1 1410 640 426
25410 15272 12614022 1 1410 640 422
25418 15407 12614030 1 1410 640 416
25424 15520 12614038 1 1410 640 406
25424 15608 12614045 1 1410 640 407
25425 15661 12614053 1 1410 640 418
25432 15670 12614060 1 1410 640 443
25446 15657 12614068 1 1410 640 442
25470 15603 12614075 1 1410 640 433
25500 15545 12614083 1 1430 630 437
25540 15480 12614090 1 1430 630 448
25585 15418 12614098 1 1430 630 450
25633 15372 12614105 1 1430 630 449
25684 15349 12614113 1 1430 630 451
25736 15349 12614120 1 1430 630 444
25786 15377 12614128 1 1450 640 423
25830 15448 12614135 1 1450 640 397
25864 15546 12614143 1 1450 640 340
25883 15667 12614150 1 1450 640 257
25883 15809 12614158 1 1450 640 194
25878 15960 12614165 1 1450 640 179
25831 16108 12614173 1 1450 640 184
25768 16240 12614180 1 1450 640 211
25696 16349 12614188 1 1460 640 231
25618 16431 12614195 1 1460 640 288
25538 16475 12614203 1 1460 640 368
25457 16476 12614210 1 1460 640 387
25379 16458 12614218 1 1480 630 397
25301 16391 12614225 1 1480 630 397
25227 16302 12614233 1 1480 630 398
25160 16196 12614240 1 1480 630 398
25104 16084 12614248 1 1480 630 398
25065 15974 12614255 1 1480 630 398
25044 15872 12614263 1 1480 630 395
25041 15782 12614271 1 1480 630 371
25041 15706 12614278 1 1480 630 341
25075 15647 12614286 1 1460 640 299
25135 15606 12614293 1 1460 640 274
25217 15586 12614301 1 1450 640 264
25321 15586 12614308 1 1450 640 264
25449 15598 12614316 1 1430 640 280
25600 15657 12614323 1 1430 640 301
25777 15746 12614331 1 1430 640 335
25977 15871 12614338 1 1430 640 364
26194 16030 12614346 1 1430 640 381
26432 16228 12614353 1 1430 640 402
26688 16472 12614361 1 1430 640 421
26957 16770 12614368 1 1450 650 435
27231 17114 12614376 1 1450 650 447
27509 17503 12614383 1 1450 650 450
27786 17936 12614391 1 1450 650 453
28053 18420 12614398 1 1450 650 453
28305 18936 12614406 1 1480 650 453
28540 19471 12614413 1 1480 650 449
28754 20024 12614421 1 1500 640 443
28937 20585 12614428 1 1500 640 434
29083 21140 12614436 1 1510 630 423
29188 21666 12614443 1 1540 630 414
29243 22160 12614451 1 1540 630 412
29243 22624 12614458 1 1550 620 412
29204 23053 12614466 1 1560 610 409
29091 23427 12614473 1 1570 600 405
28921 23747 12614481 1 1570 600 395
28698 24007 12614488 1 1570 590 385
28419 24200 12614496 1 1570 590 382
28079 24312 12614504 1 1580 580 379
27690 24342 12614511 1 1580 580 371
27254 24317 12614519 1 1580 580 361
26787 24202 12614526 1 1590 570 356
26290 24019 12614534 1 1590 570 353
25785 23785 12614541 1 1580 580 355
25297 23507 12614549 1 1580 580 354
24839 23196 12614556 1 1570 580 354
24434 22866 12614564 1 1570 580 355
24092 22527 12614571 1 1540 580 356
23836 22191 12614579 1 1540 580 355
23668 21861 12614586 1 1530 580 354
23595 21546 12614594 1 1530 580 348
23595 21243 12614601 1 1530 580 343
23703 20949 12614609 1 1520 590 342
23901 20677 12614616 1 1500 580 354
24188 20429 12614624 1 1500 580 377
24559 20199 12614631 1 1500 580 403
25009 19996 12614639 1 1500 580 420
25527 19821 12614646 1 1520 590 427
26104 19682 12614654 1 1510 600 429
26731 19573 12614661 1 1510 600 434
27381 19482 12614669 1 1510 600 439
28044 19405 12614676 1 1520 600 438
28695 19332 12614684 1 1520 600 438
29316 19256 12614691 1 1540 600 443
29876 19162 12614699 1 1540 600 443
30362 19046 12614706 1 1560 610 444
30763 18911 12614714 1 1560 610 443
31068 18754 12614721 1 1570 610 442
31277 18575 12614729 1 1570 610 439
31385 18375 12614737 1 1590 610 430
31397 18156 12614744 1 1610 620 414
31330 17916 12614752 1 1610 620 406
31140 17657 12614759 1 1630 620 408
30850 17385 12614767 1 1630 620 411
30458 17094 12614774 1 1630 620 413
29978 16787 12614782 1 1620 630 418
29412 16468 12614789 1 1620 630 416
28763 16134 12614797 1 1620 630 416
28046 15782 12614804 1 1620 630 418
27264 15413 12614812 1 1620 630 419
26440 15023 12614819 1 1610 640 417
25563 14620 12614827 1 1610 640 417
24654 14197 12614834 1 1590 640 417
23728 13766 12614842 1 1590 640 421
22796 13328 12614849 1 1560 640 430
21884 12882 12614857 1 1560 640 430
21007 12452 12614864 1 1530 650 431
20193 12040 12614872 1 1530 650 433
19461 11666 12614879 1 1500 650 438
18828 11336 12614887 1 1500 650 435
18302 11058 12614894 1 1470 650 440
17873 10838 12614902 1 1470 650 444
17532 10669 12614909 1 1450 650 444
17269 10552 12614917 1 1440 660 434
17072 10480 12614924 1 1420 650 413
16932 10453 12614932 1 1420 650 381
16845 10457 12614939 1 1420 650 338
16815 10537 12614947 1 1420 650 262
16820 10677 12614954 1 1420 650 143
20395 13955 12615090 0 1440 600 0
20426 13957 12615137 1 1450 600 186
20454 13960 12615144 1 1440 610 180
20491 13970 12615152 1 1460 620 198
20554 13994 12615159 1 1440 620 235
20643 14040 12615167 1 1460 630 284
20759 14111 12615174 1 1450 640 312
20900 14210 12615182 1 1450 640 321
21057 14340 12615189 1 1450 640 319
21219 14493 12615197 1 1450 640 303
21372 14661 12615204 1 1450 640 275
21502 14836 12615212 1 1450 640 240
21599 15012 12615219 1 1450 640 178
21653 15177 12615227 1 1460 640 134
21668 15321 12615234 1 1460 640 127
21665 15438 12615242 1 1460 640 150
21607 15521 12615249 1 1460 640 224
21518 15556 12615257 1 1460 640 250
21400 15556 12615264 1 1460 640 255
21262 15474 12615272 1 1480 630 256
21110 15339 12615279 1 1480 630 257
20955 15151 12615287 1 1480 630 262
20806 14917 12615295 1 1480 630 284
20677 14651 12615302 1 1480 630 323
20577 14375 12615310 1 1480 630 366
20512 14108 12615317 1 1460 640 392
20482 13858 12615325 1 1460 640 410
20482 13635 12615332 1 1460 640 411
20519 13454 12615340 1 1450 650 410
20612 13324 12615347 1 1430 640 383
20747 13255 12615355 1 1420 650 326
20918 13252 12615362 1 1420 650 225
21121 13293 12615370 1 1400 660 41
23534 15485 12615460 0 1410 630 0
23534 15581 12615476 1 1410 630 455
23512 15660 12615483 1 1430 630 465
23449 15727 12615491 1 1440 620 472
23365 15781 12615498 1 1430 630 464
23257 15822 12615506 1 1430 630 451
23123 15841 12615513 1 1450 640 438
22963 15841 12615521 1 1450 640 423
22779 15775 12615528 1 1450 640 395
22574 15649 12615536 1 1450 640 350
22359 15467 12615543 1 1450 640 296
22144 15231 12615551 1 1450 640 278
21945 14946 12615558 1 1450 640 275
21776 14636 12615566 1 1450 640 287
21648 14320 12615573 1 1450 640 320
21571 14022 12615581 1 1450 640 346
21544 13756 12615588 1 1430 640 355
21544 13538 12615596 1 1430 640 355
21604 13382 12615603 1 1400 650 352
21701 13288 12615611 1 1400 650 347
21831 13265 12615618 1 1380 650 348
21987 13290 12615626 1 1380 650 356
22170 13401 12615633 1 1370 660 364
22378 13581 12615641 1 1350 650 372
22607 13828 12615648 1 1350 670 372
22848 14145 12615656 1 1350 670 364
23094 14530 12615663 1 1350 670 349
23338 14963 12615671 1 1350 670 324
23567 15436 12615678 1 1350 670 287
23764 15927 12615686 1 1390 670 255
23918 16434 12615694 1 1390 670 244
24025 16928 12615701 1 1400 660 271
24085 17395 12615709 1 1400 660 301
24101 17834 12615716 1 1420 650 336
24098 18234 12615724 1 1430 640 358
24047 18602 12615731 1 1450 640 372
23980 18921 12615739 1 1460 630 372
23907 19193 12615746 1 1470 620 372
23836 19403 12615754 1 1480 610 372
23779 19557 12615761 1 1500 600 372
23733 19655 12615769 1 1500 600 375
23700 19675 12615776 1 1510 600 384
23678 19626 12615784 1 1520 590 380
23663 19470 12615791 1 1520 590 340
23649 19214 12615799 1 1530 580 334
23636 18866 12615806 1 1530 580 334
23624 18423 12615814 1 1530 580 347
23617 17921 12615821 1 1530 580 351
23614 17386 12615829 1 1520 590 355
23614 16854 12615836 1 1520 590 347
23614 16364 12615844 1 1510 600 324
23631 15933 12615851 1 1500 600 276
23660 15579 12615859 1 1480 610 251
23698 15296 12615866 1 1470 620 250
23748 15088 12615874 1 1460 630 251
23807 14936 12615881 1 1450 640 270
23876 14834 12615889 1 1430 640 303
23954 14771 12615896 1 1410 640 320
24040 14741 12615904 1 1400 650 338
24134 14741 12615911 1 1400 650 353
24230 14777 12615919 1 1380 650 355
24328 14872 12615927 1 1380 650 354
24424 15013 12615934 1 1380 650 349
24513 15191 12615942 1 1380 650 339
24590 15390 12615949 1 1380 650 326
24648 15584 12615957 1 1400 660 311
24691 15747 12615964 1 1400 660 302
24720 15866 12615972 1 1420 650 300
24734 15925 12615979 1 1420 650 302
24739 15925 12615987 1 1430 640 312
24739 15845 12615994 1 1430 640 286
24739 15704 12616002 1 1430 640 292
24739 15532 12616009 1 1450 640 323
24743 15344 12616017 1 1450 640 343
24766 15161 12616024 1 1450 640 356
24803 15006 12616032 1 1450 640 357
24862 14890 12616039 1 1450 640 357
24941 14823 12616047 1 1450 640 355
25038 14804 12616054 1 1450 640 353
25148 14809 12616062 1 1430 640 359
25264 14872 12616069 1 1430 640 356
25382 14971 12616077 1 1430 640 352
25493 15102 12616084 1 1430 640 341
25591 15261 12616092 1 1430 640 340
25667 15440 12616099 1 1430 640 340
25720 15630 12616107 1 1430 640 343
25747 15827 12616114 1 1430 640 354
25747 16019 12616122 1 1430 640 376
25743 16191 12616129 1 1430 640 396
25701 16337 12616137 1 1450 650 419
25639 16450 12616144 1 1460 640 443
25555 16519 12616152 1 1460 640 458
25449 16534 12616160 1 1460 640 457
25327 16512 12616167 1 1480 630 455
25193 16417 12616175 1 1480 630 449
25053 16276 12616182 1 1480 630 444
24916 16093 12616190 1 1480 630 441
24792 15883 12616197 1 1480 630 440
24688 15665 12616205 1 1480 630 441
24606 15458 12616212 1 1500 640 440
24546 15280 12616220 1 1500 640 435
24509 15135 12616227 1 1500 640 413
24497 15030 12616235 1 1480 650 352
24497 14967 12616242 1 1480 650 311
24539 14949 12616250 1 1480 650 253
24618 14959 12616257 1 1470 650 215
24728 15031 12616265 1 1470 650 207
24860 15142 12616272 1 1470 650 204
25012 15288 12616280 1 1450 650 177
25170 15459 12616287 1 1450 650 157
25328 15640 12616295 1 1450 650 173
25477 15809 12616302 1 1450 650 229
25611 15948 12616310 1 1450 650 268
25733 16050 12616317 1 1450 650 302
25845 16104 12616325 1 1450 650 336
25953 16109 12616332 1 1450 650 353
26062 16084 12616340 1 1450 650 375
26174 16004 12616347 1 1450 650 390
26294 15899 12616355 1 1450 650 412
26423 15784 12616362 1 1460 640 430
26560 15674 12616370 1 1460 640 435
26708 15579 12616377 1 1460 640 438
26863 15508 12616385 1 1460 640 439
27023 15465 12616393 1 1470 650 438
27188 15456 12616400 1 1470 650 431
27352 15458 12616408 1 1470 650 422
27508 15505 12616415 1 1470 650 413
27647 15571 12616423 1 1470 650 400
27764 15649 12616430 1 1470 650 389
27855 15728 12616438 1 1470 650 383
27916 15802 12616445 1 1470 650 382
27942 15866 12616453 1 1490 660 384
27942 15922 12616460 1 1490 660 387
27883 15972 12616468 1 1490 660 354
27777 16020 12616475 1 1480 670 114
