551
17992 15261 12595745 0 1510 560 0
17869 15240 12595758 1 1510 560 140
17758 15221 12595765 1 1510 560 158
17666 15198 12595773 1 1510 560 165
17591 15174 12595780 1 1510 560 172
17532 15149 12595788 1 1510 560 183
17492 15124 12595795 1 1510 560 195
17472 15096 12595803 1 1510 560 198
17472 15065 12595810 1 1510 560 196
17485 15030 12595818 1 1510 560 185
17546 14994 12595825 1 1500 570 182
17651 14964 12595833 1 1500 570 180
17805 14949 12595840 1 1500 570 180
18016 14949 12595848 1 1500 570 190
18285 15018 12595855 1 1500 570 209
18603 15144 12595863 1 1510 580 216
18965 15327 12595870 1 1500 580 230
19360 15568 12595878 1 1500 580 245
19774 15859 12595885 1 1500 580 252
20196 16186 12595893 1 1500 580 265
20614 16555 12595900 1 1520 590 278
21028 16956 12595908 1 1520 590 299
21434 17391 12595915 1 1520 590 316
21815 17845 12595923 1 1530 590 350
22176 18333 12595930 1 1530 590 356
22500 18840 12595938 1 1530 590 373
22781 19343 12595945 1 1540 580 384
23003 19832 12595953 1 1560 590 401
23150 20296 12595961 1 1560 590 419
23215 20741 12595968 1 1570 580 439
23206 21138 12595976 1 1570 580 460
23078 21486 12595983 1 1570 570 473
22842 21775 12595991 1 1580 560 474
22499 21999 12595998 1 1580 560 468
22035 22152 12596006 1 1580 560 436
21461 22214 12596013 1 1590 550 386
20774 22201 12596021 1 1590 550 336
19989 22070 12596028 1 1590 550 293
19126 21856 12596036 1 1600 540 261
18211 21559 12596043 1 1580 540 241
17258 21165 12596051 1 1580 540 238
16288 20689 12596058 1 1570 540 240
15315 20129 12596066 1 1570 540 262
14354 19488 12596073 1 1550 540 305
13421 18754 12596081 1 1550 540 340
12514 17946 12596088 1 1530 540 374
11671 17081 12596096 1 1520 540 406
10887 16162 12596103 1 1510 540 438
10188 15221 12596111 1 1500 540 449
9575 14274 12596118 1 1470 550 461
9061 13349 12596126 1 1470 550 466
8656 12457 12596133 1 1450 550 467
8360 11608 12596141 1 1440 560 468
8184 10831 12596148 1 1430 550 472
8120 10122 12596156 1 1410 560 469
8160 9497 12596163 1 1400 560 469
8326 8950 12596171 1 1390 560 460
8606 8491 12596178 1 1380 570 450
9000 8130 12596186 1 1360 570 441
9512 7868 12596194 1 1340 570 437
10153 7712 12596201 1 1320 580 437
10911 7665 12596209 1 1310 580 440
11807 7715 12596216 1 1290 590 457
12819 7896 12596224 1 1280 580 477
13951 8200 12596231 1 1280 590 497
15210 8608 12596239 1 1280 590 515
16580 9112 12596246 1 1280 590 530
18053 9701 12596254 1 1280 590 555
19604 10337 12596261 1 1290 600 576
21240 11002 12596269 1 1290 600 590
22921 11664 12596276 1 1310 610 597
24605 12309 12596284 1 1340 610 603
26228 12900 12596291 1 1350 620 602
27760 13418 12596299 1 1400 620 595
29153 13872 12596306 1 1430 620 594
30358 14259 12596314 1 1470 620 585
31338 14575 12596321 1 1500 620 584
32073 14818 12596329 1 1550 620 572
32592 14994 12596336 1 1570 610 569
32909 15122 12596344 1 1600 600 563
33048 15213 12596351 1 1620 600 553
33048 15266 12596359 1 1640 600 552
32893 15280 12596366 1 1660 590 490
32626 15280 12596374 1 1660 590 339
32259 15276 12596381 1 1680 590 128
14164 16727 12596720 0 1470 580 0
14155 16851 12596747 1 1470 580 261
14135 16934 12596755 1 1470 580 273
14119 16967 12596762 1 1480 570 304
14119 16959 12596770 1 1480 570 295
14119 16862 12596777 1 1500 570 264
14141 16688 12596785 1 1500 570 260
14169 16431 12596792 1 1500 570 271
14193 16073 12596800 1 1500 570 292
14212 15612 12596807 1 1490 580 304
14221 15065 12596815 1 1490 580 313
14221 14455 12596822 1 1490 580 323
14221 13816 12596830 1 1470 590 323
14199 13179 12596838 1 1460 600 323
14166 12581 12596845 1 1450 600 293
14123 12058 12596853 1 1440 610 265
14068 11625 12596860 1 1430 620 254
14005 11289 12596868 1 1410 630 254
13937 11044 12596875 1 1380 640 283
13865 10878 12596883 1 1370 650 331
13796 10781 12596890 1 1350 650 383
13725 10747 12596898 1 1330 660 436
13656 10766 12596905 1 1300 660 482
13590 10898 12596913 1 1280 660 520
13533 11135 12596920 1 1280 660 516
13490 11496 12596928 1 1260 670 498
13465 11991 12596935 1 1260 670 469
13465 12601 12596943 1 1240 660 444
13486 13294 12596950 1 1240 660 416
13555 14037 12596958 1 1260 660 384
13657 14792 12596965 1 1260 660 397
13786 15521 12596973 1 1280 650 394
13947 16210 12596980 1 1300 650 395
14147 16836 12596988 1 1330 630 402
14392 17392 12596995 1 1350 630 409
14674 17865 12597003 1 1380 610 413
14990 18259 12597010 1 1410 610 427
15333 18578 12597018 1 1420 610 429
15692 18813 12597025 1 1450 590 428
16040 18980 12597033 1 1460 580 427
16361 19080 12597040 1 1490 580 426
16647 19114 12597048 1 1500 570 426
16884 19093 12597055 1 1520 570 422
17063 18968 12597063 1 1520 570 419
17168 18748 12597070 1 1540 560 410
17181 18408 12597078 1 1540 560 407
17115 17959 12597086 1 1560 570 406
16936 17407 12597093 1 1560 570 414
16662 16768 12597101 1 1570 570 409
16307 16081 12597108 1 1570 580 400
15883 15388 12597116 1 1580 580 369
15420 14746 12597123 1 1570 590 314
14944 14181 12597131 1 1570 600 271
14469 13722 12597138 1 1560 610 261
14013 13388 12597146 1 1530 610 278
13581 13178 12597153 1 1520 620 340
13193 13085 12597161 1 1490 630 395
12858 13085 12597168 1 1480 630 438
12585 13186 12597176 1 1460 630 460
12373 13381 12597183 1 1450 640 468
12228 13661 12597191 1 1450 640 461
12160 14007 12597198 1 1450 640 439
12160 14405 12597206 1 1430 630 418
12237 14809 12597213 1 1430 630 358
12393 15186 12597221 1 1440 620 327
12607 15518 12597228 1 1440 620 327
12870 15775 12597236 1 1460 620 342
13170 15949 12597243 1 1450 600 363
13485 16018 12597251 1 1450 600 383
13800 16018 12597258 1 1460 600 389
14102 15912 12597266 1 1460 600 394
14378 15706 12597273 1 1460 600 392
14608 15407 12597281 1 1460 600 391
14775 15027 12597288 1 1460 600 390
14889 14601 12597296 1 1480 600 392
14943 14150 12597303 1 1480 600 399
14943 13713 12597311 1 1470 610 397
14921 13310 12597319 1 1470 610 383
14860 12955 12597326 1 1460 620 382
14797 12661 12597334 1 1460 620 381
14741 12419 12597341 1 1440 620 405
14712 12230 12597349 1 1430 630 430
14712 12082 12597356 1 1400 630 445
14755 11978 12597364 1 1400 630 446
14861 11929 12597371 1 1380 640 445
15027 11929 12597379 1 1370 650 444
15248 11978 12597386 1 1370 650 444
15504 12077 12597394 1 1350 640 419
15783 12200 12597401 1 1350 640 368
16062 12322 12597409 1 1350 640 335
16320 12409 12597416 1 1370 650 328
16538 12439 12597424 1 1370 650 331
16711 12413 12597431 1 1370 650 358
16854 12300 12597439 1 1370 650 366
16965 12132 12597446 1 1400 650 378
17060 11937 12597454 1 1400 650 383
17150 11747 12597461 1 1380 650 366
17242 11588 12597469 1 1380 650 268
17340 11485 12597476 1 1380 650 24
18067 12346 12597552 0 1350 670 0
18092 12394 12597576 1 1350 670 461
18113 12429 12597584 1 1370 660 480
18141 12464 12597591 1 1370 660 484
18182 12506 12597599 1 1370 660 487
18233 12559 12597606 1 1370 660 490
18293 12627 12597614 1 1370 660 493
18356 12709 12597621 1 1380 650 494
18411 12805 12597629 1 1380 650 495
18450 12913 12597636 1 1380 650 482
18465 13030 12597644 1 1380 650 459
18465 13149 12597651 1 1400 660 428
18427 13263 12597659 1 1400 660 388
18353 13361 12597666 1 1400 660 316
18260 13435 12597674 1 1400 660 275
18158 13480 12597681 1 1400 660 270
18053 13485 12597689 1 1400 660 330
17947 13462 12597696 1 1400 660 401
17848 13365 12597704 1 1420 650 447
17759 13226 12597711 1 1400 650 459
17685 13051 12597719 1 1400 650 466
17633 12855 12597726 1 1400 650 479
17611 12654 12597734 1 1400 650 485
17611 12470 12597741 1 1380 640 487
17669 12323 12597749 1 1380 640 488
17777 12219 12597757 1 1370 650 480
17924 12167 12597764 1 1370 650 477
18109 12167 12597772 1 1330 650 478
18329 12227 12597779 1 1330 650 476
18577 12371 12597787 1 1320 650 485
18841 12594 12597794 1 1320 650 509
19111 12889 12597802 1 1300 660 523
19383 13259 12597809 1 1310 670 528
19644 13698 12597817 1 1310 670 534
19883 14216 12597824 1 1310 670 538
20096 14798 12597832 1 1310 670 544
20280 15422 12597839 1 1330 670 541
20429 16102 12597847 1 1350 670 535
20541 16813 12597854 1 1370 670 529
20617 17530 12597862 1 1390 670 522
20661 18236 12597869 1 1420 660 541
20672 18910 12597877 1 1440 660 544
20668 19540 12597884 1 1470 650 553
20610 20094 12597892 1 1500 640 543
20512 20579 12597899 1 1510 630 512
20369 20988 12597907 1 1520 620 461
20175 21296 12597914 1 1540 600 401
19927 21509 12597922 1 1550 600 325
19631 21630 12597929 1 1560 590 251
19308 21663 12597937 1 1570 580 190
18981 21625 12597944 1 1570 570 174
18657 21483 12597952 1 1580 560 183
18352 21245 12597959 1 1590 550 231
18084 20905 12597967 1 1580 550 281
17862 20450 12597974 1 1580 540 318
17686 19872 12597982 1 1570 540 371
17560 19177 12597990 1 1570 540 404
17489 18372 12597997 1 1550 540 421
17469 17514 12598005 1 1550 540 430
17469 16648 12598012 1 1530 560 443
17516 15825 12598020 1 1510 560 419
17584 15104 12598027 1 1490 580 357
17653 14506 12598035 1 1470 590 317
17718 14054 12598042 1 1450 600 316
17773 13732 12598050 1 1430 620 335
17819 13521 12598057 1 1400 620 382
17855 13401 12598065 1 1370 630 420
17879 13337 12598072 1 1350 640 455
17904 13318 12598080 1 1330 650 476
17939 13336 12598087 1 1320 650 482
17991 13443 12598095 1 1300 660 499
18064 13628 12598102 1 1300 660 526
18158 13881 12598110 1 1280 650 536
18275 14190 12598117 1 1300 660 520
18402 14505 12598125 1 1320 650 490
18516 14771 12598132 1 1320 650 477
18614 14967 12598140 1 1330 650 481
18703 15059 12598147 1 1330 650 496
18784 15056 12598155 1 1370 650 492
18854 14923 12598162 1 1380 640 485
18917 14716 12598170 1 1380 640 482
18997 14477 12598177 1 1380 640 482
19089 14213 12598185 1 1380 640 484
19188 13957 12598192 1 1380 640 487
19294 13733 12598200 1 1380 640 486
19409 13554 12598207 1 1380 640 438
19527 13430 12598215 1 1380 650 427
19640 13350 12598223 1 1380 650 426
19747 13315 12598230 1 1370 660 416
19845 13315 12598238 1 1370 660 397
19933 13335 12598245 1 1350 670 369
20011 13415 12598253 1 1350 670 363
20079 13540 12598260 1 1370 670 362
20140 13706 12598268 1 1370 670 358
20194 13892 12598275 1 1370 670 349
20243 14066 12598283 1 1370 670 341
20280 14207 12598290 1 1370 670 342
20312 14308 12598298 1 1370 670 396
20347 14353 12598305 1 1390 670 447
20387 14353 12598313 1 1390 670 448
20432 14289 12598320 1 1390 670 448
20484 14202 12598328 1 1400 660 476
20550 14111 12598335 1 1400 660 497
20626 14018 12598343 1 1400 660 511
20704 13938 12598350 1 1400 660 518
20787 13881 12598358 1 1400 660 517
20873 13862 12598365 1 1400 660 507
20959 13868 12598373 1 1400 660 485
21041 13944 12598380 1 1400 660 464
21113 14062 12598388 1 1390 670 441
21171 14222 12598395 1 1390 670 393
21211 14416 12598403 1 1390 670 346
21232 14633 12598410 1 1390 670 333
21232 14850 12598418 1 1390 670 330
21232 15025 12598425 1 1390 670 326
21224 15153 12598433 1 1400 660 328
21193 15219 12598440 1 1400 660 364
21147 15219 12598448 1 1420 650 440
21093 15148 12598456 1 1440 660 448
21039 15008 12598463 1 1450 650 445
20986 14845 12598471 1 1450 650 460
20930 14675 12598478 1 1450 650 475
20890 14514 12598486 1 1450 650 476
20868 14379 12598493 1 1450 650 477
20862 14275 12598501 1 1450 650 461
20862 14202 12598508 1 1420 650 433
20868 14161 12598516 1 1420 650 409
20905 14152 12598523 1 1400 660 385
20962 14155 12598531 1 1400 660 355
21035 14211 12598538 1 1390 670 339
21120 14298 12598546 1 1390 670 343
21212 14420 12598553 1 1390 670 345
21300 14572 12598561 1 1390 670 348
21373 14753 12598568 1 1390 670 360
21422 14949 12598576 1 1390 670 382
21440 15145 12598583 1 1390 670 406
21440 15322 12598591 1 1390 670 429
21405 15468 12598598 1 1400 660 447
21320 15572 12598606 1 1400 660 463
21197 15620 12598613 1 1400 660 477
21041 15620 12598621 1 1420 650 477
20859 15568 12598628 1 1420 650 468
20647 15458 12598636 1 1420 650 455
20417 15312 12598643 1 1420 650 445
20190 15133 12598651 1 1430 640 414
19977 14928 12598658 1 1430 640 391
19788 14708 12598666 1 1420 650 386
19637 14489 12598673 1 1420 650 385
19541 14279 12598681 1 1420 650 392
19503 14090 12598689 1 1420 650 395
19514 13932 12598696 1 1400 660 395
19620 13824 12598704 1 1400 660 377
19798 13775 12598711 1 1370 660 352
20049 13777 12598719 1 1370 660 353
20370 13883 12598726 1 1350 670 377
20748 14070 12598734 1 1350 670 420
21176 14343 12598741 1 1350 670 455
21629 14698 12598749 1 1370 670 489
22106 15130 12598756 1 1370 670 526
22577 15622 12598764 1 1370 670 551
23030 16169 12598771 1 1370 670 560
23446 16747 12598779 1 1390 680 559
23796 17338 12598786 1 1420 680 543
24076 17934 12598794 1 1420 680 526
24271 18521 12598801 1 1460 670 515
24380 19079 12598809 1 1480 670 517
24398 19583 12598816 1 1510 660 508
24346 20034 12598824 1 1520 650 509
24188 20420 12598831 1 1550 650 502
23935 20729 12598839 1 1560 640 479
23589 20952 12598846 1 1590 640 449
23148 21099 12598854 1 1600 630 397
22627 21173 12598861 1 1610 620 331
22042 21186 12598869 1 1620 610 264
21417 21160 12598876 1 1620 600 200
20785 21062 12598884 1 1610 590 172
20159 20915 12598891 1 1610 590 176
19577 20730 12598899 1 1610 570 197
19060 20514 12598906 1 1610 570 230
18630 20271 12598914 1 1590 570 248
18300 20008 12598921 1 1580 560 254
18079 19733 12598929 1 1580 560 263
17985 19450 12598937 1 1570 560 284
17995 19161 12598944 1 1540 560 302
18159 18863 12598952 1 1540 560 310
18452 18576 12598959 1 1530 560 333
18876 18307 12598967 1 1530 560 354
19417 18057 12598974 1 1520 570 375
20065 17841 12598982 1 1510 560 398
20799 17664 12598989 1 1510 560 413
21587 17533 12598997 1 1500 570 415
22403 17436 12599004 1 1500 570 419
23196 17363 12599012 1 1500 580 433
23940 17305 12599019 1 1500 580 449
24598 17247 12599027 1 1490 590 478
25149 17183 12599034 1 1510 600 500
25573 17100 12599042 1 1520 600 504
25861 16989 12599049 1 1520 600 513
26017 16843 12599057 1 1540 600 514
26026 16654 12599064 1 1560 610 509
25903 16428 12599072 1 1570 610 507
25607 16161 12599079 1 1600 600 516
25147 15854 12599087 1 1620 610 524
24525 15518 12599094 1 1630 610 529
23751 15155 12599102 1 1630 610 528
22854 14773 12599109 1 1650 610 527
21851 14361 12599117 1 1650 610 527
20771 13931 12599124 1 1650 620 533
19638 13483 12599132 1 1650 620 531
18486 13004 12599139 1 1650 620 530
17342 12518 12599147 1 1640 630 531
16224 12020 12599154 1 1620 630 533
15167 11536 12599162 1 1620 630 535
14181 11065 12599170 1 1590 640 534
13298 10626 12599177 1 1570 630 534
12524 10233 12599185 1 1570 630 531
11857 9888 12599192 1 1550 630 534
11308 9609 12599200 1 1530 630 539
10878 9392 12599207 1 1510 630 535
10565 9248 12599215 1 1510 630 510
10358 9180 12599222 1 1480 630 458
10248 9185 12599230 1 1460 630 365
10237 9302 12599237 1 1460 630 247
14030 12459 12599350 0 1420 590 0
14098 12528 12599394 1 1420 590 322
14138 12590 12599402 1 1440 600 321
14161 12640 12599409 1 1440 600 319
14184 12673 12599417 1 1420 610 317
14200 12695 12599424 1 1440 610 317
14211 12709 12599432 1 1440 610 317
14225 12719 12599439 1 1430 620 317
14251 12733 12599447 1 1430 620 316
14303 12759 12599454 1 1430 620 311
14389 12807 12599462 1 1430 620 309
14511 12884 12599469 1 1430 620 310
14669 12997 12599477 1 1430 620 312
14852 13144 12599485 1 1430 620 313
15047 13325 12599492 1 1440 620 299
15241 13537 12599500 1 1440 620 276
15417 13769 12599507 1 1440 620 271
15565 14013 12599515 1 1440 620 283
15680 14258 12599522 1 1440 620 314
15761 14497 12599530 1 1440 620 338
15807 14720 12599537 1 1440 620 355
15823 14904 12599545 1 1440 620 359
15823 15044 12599552 1 1440 620 361
15803 15129 12599560 1 1440 620 373
15736 15148 12599567 1 1460 620 380
15631 15114 12599575 1 1460 620 350
15495 14986 12599582 1 1460 620 312
15336 14795 12599590 1 1470 610 299
15170 14552 12599597 1 1470 610 307
15021 14266 12599605 1 1470 610 330
14911 13963 12599612 1 1470 610 364
14856 13661 12599620 1 1470 610 389
14856 13386 12599627 1 1460 620 400
14916 13154 12599635 1 1440 610 400
15045 12975 12599642 1 1440 610 387
15229 12864 12599650 1 1430 620 342
15467 12827 12599657 1 1430 620 317
15745 12852 12599665 1 1410 630 273
16055 12971 12599672 1 1400 620 223
16385 13152 12599680 1 1400 630 116
18048 14992 12599733 0 1410 640 0
18115 15163 12599748 1 1430 630 251
18132 15295 12599755 1 1430 630 326
18125 15389 12599763 1 1430 630 406
18052 15441 12599770 1 1440 620 449
17937 15451 12599778 1 1440 620 441
17777 15439 12599785 1 1460 620 424
17573 15362 12599793 1 1460 620 408
17328 15236 12599800 1 1460 620 401
17057 15057 12599808 1 1460 620 394
16782 14825 12599815 1 1470 610 391
16518 14556 12599823 1 1470 610 387
16286 14264 12599830 1 1460 620 402
16110 13959 12599838 1 1460 620 432
16005 13660 12599845 1 1460 620 453
15974 13397 12599853 1 1460 620 464
15992 13185 12599861 1 1440 620 470
16099 13030 12599868 1 1430 620 467
16264 12945 12599876 1 1410 630 441
16472 12945 12599883 1 1410 630 432
16708 13023 12599891 1 1400 630 407
16959 13196 12599898 1 1400 630 397
17217 13453 12599906 1 1380 640 379
17462 13783 12599913 1 1380 640 357
17682 14186 12599921 1 1400 650 349
17868 14643 12599928 1 1400 650 352
18020 15137 12599936 1 1400 650 370
18135 15655 12599943 1 1400 650 383
18205 16196 12599951 1 1400 650 393
18236 16742 12599958 1 1430 640 395
18236 17261 12599966 1 1430 640 420
18210 17734 12599973 1 1450 640 423
18145 18143 12599981 1 1460 630 425
18067 18473 12599988 1 1470 620 436
17993 18705 12599996 1 1480 610 446
17928 18852 12600003 1 1500 600 464
17872 18909 12600011 1 1510 600 485
17824 18889 12600018 1 1520 590 503
17780 18743 12600026 1 1530 580 492
17738 18501 12600033 1 1540 570 488
17693 18163 12600041 1 1520 570 485
17649 17743 12600048 1 1530 560 490
17622 17269 12600056 1 1530 560 492
17622 16791 12600063 1 1530 560 492
17639 16348 12600071 1 1520 570 497
17701 15960 12600078 1 1520 570 478
17788 15645 12600086 1 1510 580 454
17893 15403 12600094 1 1500 580 428
18004 15233 12600101 1 1490 590 419
18110 15116 12600109 1 1480 600 417
18207 15047 12600116 1 1470 610 414
18292 15022 12600124 1 1460 620 413
18365 15026 12600131 1 1460 620 419
18423 15101 12600139 1 1440 620 452
18468 15221 12600146 1 1440 620 477
18496 15371 12600154 1 1440 620 486
18515 15525 12600161 1 1430 630 478
18525 15657 12600169 1 1430 630 464
18525 15753 12600176 1 1430 630 451
18525 15774 12600184 1 1430 630 465
18525 15728 12600191 1 1430 630 459
18537 15587 12600199 1 1440 620 438
18565 15405 12600206 1 1440 620 474
18616 15207 12600214 1 1440 620 525
18695 14998 12600221 1 1440 620 545
18800 14815 12600229 1 1440 620 550
18929 14674 12600236 1 1440 620 549
19079 14585 12600244 1 1430 630 554
19245 14546 12600251 1 1430 630 552
19416 14546 12600259 1 1430 630 529
19582 14604 12600266 1 1430 640 510
19736 14721 12600274 1 1430 640 500
19871 14891 12600281 1 1420 650 474
19981 15105 12600289 1 1420 650 468
20057 15344 12600296 1 1420 650 458
20096 15590 12600304 1 1440 660 449
20097 15825 12600311 1 1440 660 436
20081 16024 12600319 1 1440 660 419
20010 16166 12600327 1 1440 660 427
19895 16233 12600334 1 1440 660 440
19738 16233 12600342 1 1450 650 450
19538 16159 12600349 1 1450 650 454
19307 16009 12600357 1 1450 650 459
19058 15807 12600364 1 1460 640 466
18804 15573 12600372 1 1460 640 471
18567 15330 12600379 1 1460 640 473
18365 15095 12600387 1 1460 640 479
18220 14882 12600394 1 1480 630 488
18144 14703 12600402 1 1460 640 491
18144 14567 12600409 1 1450 640 488
18232 14485 12600417 1 1450 640 477
18449 14460 12600424 1 1450 640 464
18775 14467 12600432 1 1430 640 467
19204 14529 12600439 1 1430 640 473
19725 14617 12600447 1 1430 640 470
20304 14711 12600454 1 1450 650 475
20901 14786 12600462 1 1450 650 543
21468 14821 12600469 1 1450 650 579
21988 14821 12600477 1 1450 650 608
22444 14776 12600484 1 1470 650 615
22821 14679 12600492 1 1460 660 613
23113 14562 12600499 1 1480 670 574
23310 14453 12600507 1 1500 670 485
23421 14370 12600514 1 1500 670 158
