494
21470 19137 12582148 0 1500 670 0
21358 19255 12582157 1 1510 640 405
21223 19374 12582165 1 1520 620 405
21070 19479 12582172 1 1530 610 408
20894 19570 12582180 1 1540 600 405
20674 19651 12582187 1 1550 600 402
20421 19723 12582195 1 1550 600 397
20135 19782 12582202 1 1550 600 392
19802 19823 12582210 1 1550 600 377
19424 19844 12582217 1 1550 600 366
18996 19844 12582225 1 1560 590 356
18524 19822 12582232 1 1560 590 348
17989 19748 12582240 1 1540 580 330
17408 19630 12582247 1 1540 580 314
16786 19468 12582255 1 1540 580 300
16121 19258 12582262 1 1530 580 299
15428 18994 12582270 1 1540 570 303
14720 18683 12582277 1 1520 570 317
14014 18317 12582285 1 1520 570 341
13321 17909 12582292 1 1510 560 372
12668 17457 12582300 1 1510 560 394
12069 16970 12582307 1 1480 570 409
11523 16450 12582315 1 1470 560 420
11040 15910 12582322 1 1450 560 428
10638 15354 12582330 1 1450 560 429
10312 14788 12582337 1 1440 560 432
10055 14217 12582345 1 1430 560 432
9874 13653 12582352 1 1410 560 435
9778 13107 12582360 1 1410 560 435
9761 12581 12582367 1 1400 560 433
9799 12088 12582375 1 1390 560 431
9940 11640 12582383 1 1390 560 430
10170 11248 12582390 1 1380 570 423
10488 10913 12582398 1 1380 570 418
10908 10646 12582405 1 1360 570 413
11423 10445 12582413 1 1350 580 414
12036 10323 12582420 1 1350 580 420
12744 10268 12582428 1 1340 580 437
13549 10268 12582435 1 1320 580 450
14452 10362 12582443 1 1310 580 470
15451 10543 12582450 1 1310 580 490
16536 10796 12582458 1 1310 600 502
17705 11106 12582465 1 1310 600 524
18956 11471 12582473 1 1310 600 547
20262 11866 12582480 1 1310 600 562
21610 12289 12582488 1 1320 600 576
22967 12704 12582495 1 1340 610 574
24305 13097 12582503 1 1340 610 581
25599 13466 12582510 1 1360 610 574
26797 13789 12582518 1 1380 610 566
27875 14070 12582525 1 1410 610 562
28803 14293 12582533 1 1430 620 553
29554 14466 12582540 1 1460 620 549
30131 14600 12582548 1 1470 620 543
30529 14692 12582555 1 1480 610 544
30782 14755 12582563 1 1500 620 545
30906 14800 12582570 1 1500 620 542
30919 14836 12582578 1 1520 620 542
30855 14866 12582585 1 1530 610 535
30684 14900 12582593 1 1530 610 475
30426 14951 12582600 1 1550 620 271
15032 18585 12582909 0 1460 710 0
15073 18555 12582933 1 1470 690 366
15121 18457 12582940 1 1460 660 293
15188 18302 12582948 1 1460 640 290
15280 18060 12582955 1 1470 620 295
15376 17728 12582963 1 1470 610 305
15466 17293 12582970 1 1460 600 318
15552 16772 12582978 1 1470 590 326
15633 16175 12582985 1 1490 580 328
15706 15513 12582993 1 1490 580 332
15767 14818 12583001 1 1490 580 333
15816 14121 12583008 1 1470 590 324
15851 13457 12583016 1 1460 600 298
15869 12852 12583023 1 1450 600 273
15870 12328 12583031 1 1440 610 258
15870 11906 12583038 1 1410 630 251
15850 11595 12583046 1 1400 630 251
15820 11379 12583053 1 1370 650 262
15791 11252 12583061 1 1350 650 310
15754 11195 12583068 1 1330 660 369
15708 11195 12583076 1 1310 670 440
15654 11295 12583083 1 1300 670 512
15594 11498 12583091 1 1280 680 544
15531 11814 12583098 1 1280 680 548
15466 12261 12583106 1 1260 670 533
15420 12834 12583113 1 1260 670 509
15405 13524 12583121 1 1260 670 486
15408 14290 12583128 1 1260 670 473
15475 15098 12583136 1 1260 660 466
15591 15920 12583143 1 1280 650 459
15757 16711 12583151 1 1300 650 465
15976 17444 12583158 1 1320 640 468
16258 18104 12583166 1 1350 630 470
16593 18686 12583173 1 1350 620 473
16980 19176 12583181 1 1390 610 471
17407 19563 12583188 1 1410 600 480
17868 19859 12583196 1 1430 590 492
18332 20073 12583203 1 1440 580 508
18773 20193 12583211 1 1470 580 512
19176 20225 12583218 1 1480 570 509
19516 20197 12583226 1 1510 560 511
19775 20071 12583234 1 1510 560 510
19930 19870 12583241 1 1530 560 508
19974 19602 12583249 1 1540 560 493
19924 19269 12583256 1 1560 570 479
19735 18880 12583264 1 1570 570 475
19434 18440 12583271 1 1570 570 473
19037 17982 12583279 1 1580 580 465
18573 17525 12583286 1 1580 580 460
18057 17085 12583294 1 1570 590 450
17519 16695 12583301 1 1570 590 450
16987 16368 12583309 1 1570 600 449
16493 16127 12583316 1 1570 600 448
16061 15968 12583324 1 1560 610 455
15700 15888 12583331 1 1530 610 459
15425 15883 12583339 1 1530 610 477
15239 15923 12583346 1 1510 610 486
15145 16036 12583354 1 1510 610 496
15133 16184 12583361 1 1500 600 491
15179 16346 12583369 1 1480 600 455
15318 16505 12583376 1 1480 600 408
15512 16644 12583384 1 1460 600 372
15743 16746 12583391 1 1470 590 365
15997 16805 12583399 1 1470 590 364
16257 16820 12583406 1 1490 580 365
16510 16808 12583414 1 1490 580 368
16748 16728 12583421 1 1490 580 374
16980 16599 12583429 1 1490 580 384
17214 16421 12583436 1 1510 580 401
17444 16188 12583444 1 1510 580 425
17662 15904 12583451 1 1500 580 443
17860 15594 12583459 1 1500 580 456
18032 15270 12583467 1 1520 590 452
18171 14954 12583474 1 1510 600 453
18272 14658 12583482 1 1510 600 454
18339 14400 12583489 1 1500 600 459
18379 14184 12583497 1 1510 610 458
18400 14000 12583504 1 1500 620 458
18409 13853 12583512 1 1490 630 458
18416 13739 12583519 1 1490 630 460
18428 13656 12583527 1 1480 630 459
18460 13603 12583534 1 1480 630 443
18511 13597 12583542 1 1460 640 379
18585 13622 12583549 1 1460 640 236
20677 14345 12583692 0 1450 650 0
20708 14332 12583715 1 1460 640 456
20730 14332 12583722 1 1450 640 445
20756 14332 12583730 1 1450 640 438
20795 14345 12583737 1 1450 640 446
20840 14390 12583745 1 1450 640 464
20892 14469 12583752 1 1450 640 475
20938 14587 12583760 1 1450 640 483
20970 14746 12583767 1 1450 640 478
20984 14928 12583775 1 1450 640 437
20984 15104 12583782 1 1450 640 347
20955 15251 12583790 1 1450 640 235
20880 15352 12583797 1 1460 640 157
20777 15390 12583805 1 1460 640 192
20654 15369 12583812 1 1480 630 205
20526 15260 12583820 1 1480 630 230
20400 15094 12583827 1 1480 630 272
20283 14875 12583835 1 1490 630 306
20191 14613 12583842 1 1490 630 323
20131 14334 12583850 1 1490 630 330
20108 14067 12583858 1 1480 630 328
20108 13826 12583865 1 1480 630 328
20161 13636 12583873 1 1450 640 304
20259 13516 12583880 1 1450 640 285
20396 13482 12583888 1 1430 640 284
20568 13515 12583895 1 1410 640 298
20774 13652 12583903 1 1400 650 337
21007 13869 12583910 1 1380 650 392
21265 14174 12583918 1 1380 650 414
21538 14570 12583925 1 1380 650 425
21814 15046 12583933 1 1380 650 429
22083 15585 12583940 1 1380 650 431
22327 16177 12583948 1 1380 650 429
22535 16794 12583955 1 1420 650 413
22698 17417 12583963 1 1420 650 392
22809 18029 12583970 1 1430 640 395
22869 18619 12583978 1 1460 640 426
22882 19175 12583985 1 1480 630 456
22870 19674 12583993 1 1510 630 481
22804 20121 12584000 1 1520 620 497
22712 20503 12584008 1 1540 600 500
22598 20816 12584015 1 1570 600 496
22468 21053 12584023 1 1570 590 489
22323 21217 12584030 1 1590 570 477
22175 21309 12584038 1 1600 560 455
22028 21336 12584045 1 1600 550 431
21887 21319 12584053 1 1600 540 411
21760 21206 12584060 1 1600 530 393
21652 20999 12584068 1 1610 520 384
21564 20693 12584075 1 1610 520 377
21490 20272 12584083 1 1600 520 374
21423 19722 12584091 1 1600 520 377
21360 19059 12584098 1 1600 520 403
21288 18302 12584106 1 1590 530 412
21216 17514 12584113 1 1590 530 416
21145 16738 12584121 1 1560 550 418
21084 16034 12584128 1 1550 550 420
21045 15440 12584136 1 1540 570 423
21024 14970 12584143 1 1530 580 422
21024 14633 12584151 1 1490 590 426
21044 14404 12584158 1 1470 610 438
21085 14260 12584166 1 1460 620 441
21136 14176 12584173 1 1430 620 453
21196 14152 12584181 1 1400 630 468
21269 14176 12584188 1 1380 640 478
21358 14302 12584196 1 1370 630 486
21462 14526 12584203 1 1350 640 481
21587 14848 12584211 1 1350 640 439
21718 15244 12584218 1 1350 640 311
21847 15645 12584226 1 1370 630 198
21959 15995 12584233 1 1370 630 134
22044 16263 12584241 1 1380 630 203
22102 16397 12584248 1 1410 630 299
22133 16393 12584256 1 1410 630 366
22144 16229 12584263 1 1430 620 358
22144 15971 12584271 1 1460 620 391
22144 15654 12584278 1 1460 620 427
22143 15305 12584286 1 1460 620 439
22143 14969 12584293 1 1460 620 443
22148 14675 12584301 1 1460 620 443
22180 14435 12584308 1 1460 620 441
22227 14263 12584316 1 1440 620 423
22287 14161 12584324 1 1430 630 406
22356 14120 12584331 1 1430 630 390
22429 14120 12584339 1 1410 640 369
22506 14190 12584346 1 1400 650 356
22586 14320 12584354 1 1400 650 346
22675 14507 12584361 1 1400 650 317
22757 14736 12584369 1 1400 650 283
22831 14961 12584376 1 1400 650 252
22895 15151 12584384 1 1400 650 251
22946 15298 12584391 1 1410 640 308
22985 15378 12584399 1 1410 640 390
23016 15378 12584406 1 1430 630 437
23057 15306 12584414 1 1440 620 429
23102 15172 12584421 1 1440 620 446
23152 15019 12584429 1 1460 620 489
23209 14850 12584436 1 1460 620 503
23272 14690 12584444 1 1460 620 507
23331 14557 12584451 1 1460 620 508
23383 14462 12584459 1 1460 620 505
23432 14415 12584466 1 1440 620 473
23480 14415 12584474 1 1440 620 425
23523 14462 12584481 1 1440 620 377
23558 14573 12584489 1 1430 630 329
23586 14735 12584496 1 1430 630 240
23604 14941 12584504 1 1410 640 161
23611 15160 12584511 1 1410 640 147
23611 15352 12584519 1 1410 640 160
23611 15505 12584526 1 1410 640 199
23611 15610 12584534 1 1430 630 288
23602 15648 12584541 1 1430 630 408
23576 15624 12584549 1 1440 620 442
23548 15513 12584556 1 1440 620 423
23514 15371 12584564 1 1440 620 420
23474 15212 12584572 1 1440 620 420
23436 15042 12584579 1 1460 620 420
23413 14881 12584587 1 1460 620 420
23403 14749 12584594 1 1460 620 396
23403 14655 12584602 1 1440 620 355
23405 14592 12584609 1 1440 620 304
23442 14562 12584617 1 1440 620 276
23496 14562 12584624 1 1440 620 248
23568 14576 12584632 1 1430 630 247
23663 14639 12584639 1 1430 630 257
23778 14729 12584647 1 1410 630 268
23902 14834 12584654 1 1410 630 290
24034 14935 12584662 1 1410 630 317
24167 15021 12584669 1 1410 630 357
24297 15092 12584677 1 1410 630 406
24417 15147 12584684 1 1410 630 431
24527 15186 12584692 1 1410 630 439
24627 15218 12584699 1 1430 630 446
24715 15258 12584707 1 1440 620 449
24790 15318 12584714 1 1440 620 451
24853 15399 12584722 1 1440 620 457
24906 15502 12584729 1 1440 620 462
24946 15627 12584737 1 1440 620 459
24977 15780 12584744 1 1440 620 430
24996 15957 12584752 1 1440 620 383
25004 16156 12584759 1 1440 620 338
25004 16375 12584767 1 1440 620 254
25004 16624 12584774 1 1460 630 173
25001 16909 12584782 1 1460 630 104
24993 17222 12584789 1 1460 630 86
24991 17567 12584797 1 1460 630 68
24987 17936 12584805 1 1470 620 67
24970 18330 12584812 1 1490 630 92
24929 18741 12584820 1 1500 620 169
24855 19148 12584827 1 1500 620 252
24737 19547 12584835 1 1530 610 290
24571 19923 12584842 1 1540 600 328
24365 20273 12584850 1 1540 600 361
24128 20573 12584857 1 1550 600 405
23865 20808 12584865 1 1560 590 430
23578 20982 12584872 1 1570 580 442
23279 21096 12584880 1 1570 570 446
22971 21152 12584887 1 1580 560 443
22659 21156 12584895 1 1570 560 440
22345 21133 12584902 1 1580 550 431
22029 21048 12584910 1 1580 550 422
21710 20918 12584917 1 1570 540 419
21391 20740 12584925 1 1570 540 414
21077 20519 12584932 1 1570 540 411
20775 20252 12584940 1 1560 530 408
20497 19955 12584947 1 1560 530 408
20262 19645 12584955 1 1550 540 407
20089 19332 12584962 1 1530 540 404
19988 19028 12584970 1 1530 540 403
19977 18740 12584977 1 1510 540 405
20043 18485 12584985 1 1510 540 402
20242 18265 12584992 1 1500 550 405
20553 18081 12585000 1 1490 550 432
20982 17945 12585007 1 1480 560 470
21516 17856 12585015 1 1480 560 485
22141 17821 12585022 1 1460 550 501
22841 17821 12585030 1 1450 560 506
23590 17854 12585038 1 1450 560 510
24354 17911 12585045 1 1470 560 512
25097 17961 12585053 1 1470 560 513
25808 17995 12585060 1 1480 570 513
26453 18000 12585068 1 1500 570 513
27007 17991 12585075 1 1500 570 515
27444 17921 12585083 1 1520 570 513
27765 17818 12585090 1 1540 570 513
27961 17677 12585098 1 1550 580 510
28012 17501 12585105 1 1570 570 505
27933 17284 12585113 1 1590 570 497
27693 17023 12585120 1 1610 570 497
27313 16726 12585128 1 1610 570 502
26795 16398 12585135 1 1630 570 505
26158 16049 12585143 1 1630 570 506
25404 15686 12585150 1 1640 570 503
24562 15311 12585158 1 1640 580 497
23631 14924 12585165 1 1640 580 499
22641 14530 12585173 1 1640 580 498
21588 14117 12585180 1 1630 590 498
20485 13692 12585188 1 1630 590 499
19359 13247 12585195 1 1610 600 503
18236 12788 12585203 1 1610 600 501
17143 12322 12585210 1 1590 590 503
16091 11856 12585218 1 1570 600 503
15138 11414 12585225 1 1570 600 510
14282 10997 12585233 1 1550 600 505
13553 10621 12585240 1 1530 590 509
12943 10298 12585248 1 1520 590 507
12461 10037 12585255 1 1490 590 505
12099 9841 12585263 1 1470 590 480
11840 9709 12585271 1 1460 580 435
11692 9657 12585278 1 1460 580 367
11640 9685 12585286 1 1430 590 278
11661 9831 12585293 1 1420 580 157
15801 12922 12585451 0 1480 540 0
15831 12922 12585495 1 1470 550 173
15879 12928 12585502 1 1480 560 173
15949 12956 12585510 1 1480 560 193
16045 13009 12585517 1 1480 570 230
16164 13089 12585525 1 1480 570 256
16300 13202 12585532 1 1470 580 277
16450 13346 12585540 1 1470 580 289
16606 13517 12585547 1 1490 580 292
16755 13712 12585555 1 1490 580 292
16883 13917 12585563 1 1490 580 295
16978 14123 12585570 1 1490 580 290
17031 14314 12585578 1 1490 580 277
17038 14484 12585585 1 1490 580 272
17017 14620 12585593 1 1490 580 271
16936 14712 12585600 1 1490 580 286
16826 14762 12585608 1 1490 580 302
16694 14767 12585615 1 1490 580 302
16559 14746 12585623 1 1500 570 299
16431 14661 12585630 1 1500 570 305
16322 14534 12585638 1 1500 570 333
16244 14374 12585645 1 1500 570 357
16208 14187 12585653 1 1510 560 381
16208 13985 12585660 1 1510 560 401
16267 13786 12585668 1 1510 560 411
16387 13608 12585675 1 1500 570 410
16566 13469 12585683 1 1500 570 413
16799 13379 12585690 1 1500 570 414
17087 13345 12585698 1 1500 570 399
17416 13356 12585705 1 1470 580 356
17774 13456 12585713 1 1470 580 269
18143 13622 12585720 1 1460 580 70
19717 15593 12585803 0 1510 560 0
19571 15641 12585818 1 1510 560 422
19384 15675 12585825 1 1520 560 416
19169 15683 12585833 1 1520 560 409
18935 15668 12585840 1 1520 570 408
18683 15587 12585848 1 1520 570 398
18426 15463 12585855 1 1520 570 368
18178 15293 12585863 1 1520 570 346
17957 15073 12585870 1 1520 570 318
17772 14803 12585878 1 1510 560 309
17632 14501 12585885 1 1500 570 308
17547 14183 12585893 1 1500 570 313
17520 13872 12585901 1 1500 570 330
17530 13588 12585908 1 1480 570 330
17613 13355 12585916 1 1470 580 330
17744 13194 12585923 1 1470 580 321
17907 13107 12585931 1 1460 580 314
18093 13106 12585938 1 1430 590 318
18297 13172 12585946 1 1430 590 346
18509 13335 12585953 1 1420 590 396
18723 13578 12585961 1 1410 600 448
18928 13892 12585968 1 1410 600 476
19126 14285 12585976 1 1420 610 496
19310 14741 12585983 1 1420 610 502
19480 15249 12585991 1 1420 610 508
19632 15799 12585998 1 1420 610 506
19760 16382 12586006 1 1440 610 499
19871 16982 12586013 1 1450 600 485
19962 17561 12586021 1 1460 600 477
20031 18117 12586028 1 1490 590 482
20076 18630 12586036 1 1500 580 486
20100 19070 12586043 1 1510 580 482
20106 19405 12586051 1 1520 570 474
20106 19640 12586058 1 1530 560 464
20103 19781 12586066 1 1540 550 459
20073 19816 12586073 1 1550 540 443
20036 19760 12586081 1 1560 530 442
19993 19601 12586088 1 1560 530 400
19953 19361 12586096 1 1570 520 393
19919 19034 12586103 1 1570 520 391
19903 18626 12586111 1 1570 520 403
19903 18154 12586118 1 1570 520 411
19939 17648 12586126 1 1570 520 414
20008 17135 12586134 1 1560 530 416
20093 16648 12586141 1 1560 530 421
20186 16224 12586149 1 1530 540 420
20281 15883 12586156 1 1540 550 402
20367 15633 12586164 1 1530 560 379
20438 15470 12586171 1 1520 570 356
20499 15381 12586179 1 1510 580 349
20555 15367 12586186 1 1500 580 349
20607 15396 12586194 1 1490 590 365
20654 15496 12586201 1 1490 590 401
20699 15641 12586209 1 1480 600 416
20734 15808 12586216 1 1480 600 419
20764 15960 12586224 1 1480 600 418
20788 16080 12586231 1 1480 600 417
20797 16139 12586239 1 1480 600 426
20800 16139 12586246 1 1480 600 455
20800 16029 12586254 1 1490 590 423
20806 15840 12586261 1 1490 590 424
20825 15620 12586269 1 1490 590 469
20864 15385 12586276 1 1490 590 499
20935 15161 12586284 1 1470 590 500
21031 14970 12586291 1 1470 590 502
21154 14831 12586299 1 1470 590 505
21304 14757 12586306 1 1460 600 510
21474 14742 12586314 1 1460 600 509
21653 14762 12586321 1 1450 600 504
21829 14860 12586329 1 1450 600 485
21995 15012 12586336 1 1440 610 474
22142 15214 12586344 1 1440 610 468
22259 15451 12586351 1 1460 620 470
22337 15692 12586359 1 1460 620 473
22374 15911 12586367 1 1460 620 467
22374 16085 12586374 1 1460 620 469
22322 16194 12586382 1 1460 620 499
22206 16218 12586389 1 1480 610 518
22044 16175 12586397 1 1480 610 525
21837 16036 12586404 1 1500 600 517
21587 15837 12586412 1 1500 600 515
21311 15597 12586419 1 1500 600 515
21036 15347 12586427 1 1500 600 514
20784 15110 12586434 1 1490 590 515
20574 14900 12586442 1 1480 600 515
20420 14732 12586449 1 1480 600 515
20342 14609 12586457 1 1480 600 516
20342 14536 12586464 1 1460 600 511
20456 14511 12586472 1 1450 600 466
20679 14519 12586479 1 1450 600 448
21003 14590 12586487 1 1450 600 452
21423 14695 12586494 1 1440 610 446
21922 14818 12586502 1 1420 610 437
22455 14944 12586509 1 1420 610 448
22987 15048 12586517 1 1440 610 504
23485 15109 12586524 1 1440 610 566
23929 15127 12586532 1 1450 600 617
24307 15123 12586539 1 1450 600 660
24610 15070 12586547 1 1470 610 683
24860 14993 12586554 1 1470 610 687
25059 14900 12586562 1 1480 610 687
25216 14799 12586569 1 1480 610 685
25319 14705 12586577 1 1500 620 656
25365 14647 12586584 1 1500 620 535
25365 14633 12586592 1 1500 620 251
